50 59
36 93
57 76
54 75
13 39
10 55
29 30
47 76
13 93
64 91
95 97
29 97
74 100
21 58
29 93
36 46
53 62
17 58
61 72
37 63
33 58
1 21
32 79
57 69
60 76
30 83
34 77
10 47
14 23
27 47
91 96
25 43
37 48
5 51
21 30
18 37
19 41
79 84
25 37
27 32
65 79
22 87
16 35
68 72
6 26
51 93
37 51
37 68
1 58
10 90
9 68
49 92
8 53
4 7
80 100
34 92
75 84
69 87
24 67
64 73
38 72
7 76
19 50
42 62
18 95
76 79
15 29
29 31
92 97
34 41
27 68
3 80
9 24
54 63
62 83
28 70
52 70
5 100
57 97
65 94
9 53
24 92
76 85
37 90
51 64
69 86
1 2
1 80
37 89
61 81
51 58
8 36
43 99
71 81
38 69
11 73
48 71
21 95
33 67
76 86
10 80
33 37
41 76
52 76
46 80
66 75
21 75
12 42
76 82
43 94
34 99
31 60
12 68
49 62
37 80
35 84
24 98
31 54
28 32
11 78
19 31
48 97
9 27
7 37
9 86
59 97
33 70
46 68
21 73
22 90
49 67
75 98
43 47
72 84
66 96
11 90
7 36
26 64
12 55
73 89
25 71
46 50
38 76
90 95
36 87
60 64
58 79
89 91
18 36
48 58
7 10
1 100
70 81
14 24
11 13
1 17
68 92
2 10
53 55
11 71
25 56
25 63
4 43
26 33
5 65
33 84
56 59
19 27
45 65
37 93
58 71
20 27
30 35
78 83
87 95
15 95
13 91
17 19
4 54
16 94
54 91
67 77
36 81
46 100
51 92
19 48
33 49
32 71
41 42
29 84
41 49
72 76
71 97
31 76
2 4
26 51
9 30
22 53
20 96
80 85
1 6
48 99
5 57
48 88
72 73
8 65
52 87
65 68
51 89
24 45
39 92
3 55
28 52
9 77
15 100
17 75
36 100
4 26
14 94
47 60
83 90
41 53
4 93
8 80
47 73
48 73
21 53
6 59
6 55
57 73
48 93
28 90
84 99
37 38
62 73
7 70
54 68
45 81
60 78
52 55
33 68
62 87
46 96
2 59
24 86
40 95
56 83
24 81
15 38
70 98
38 82
79 88
41 92
15 85
15 39
28 86
3 68
66 81
86 94
7 79
90 98
21 47
71 99
52 66
34 70
32 43
74 99
28 29
19 65
14 59
9 74
8 40
34 82
35 45
12 76
19 86
47 56
28 48
29 71
22 68
3 97
28 33
31 93
15 52
36 65
42 47
86 98
72 79
36 49
20 43
1 77
6 7
36 44
6 22
48 82
86 95
18 68
14 49
41 93
53 95
56 98
43 93
67 80
4 80
45 99
54 72
67 91
8 64
33 38
36 98
53 80
17 86
38 71
59 67
80 83
39 59
35 83
58 59
25 41
67 97
33 54
49 84
2 88
45 90
20 62
49 68
4 55
8 39
35 88
65 100
26 55
13 29
4 81
45 69
71 93
1 35
7 69
79 80
43 81
60 88
9 26
2 16
66 93
10 37
34 50
4 75
4 46
4 8
32 49
3 31
29 67
39 65
39 68
51 54
10 65
32 75
44 56
73 85
88 92
23 65
59 73
36 63
20 38
31 94
48 57
4 71
23 48
79 98
52 88
42 46
48 69
58 87
8 82
38 44
69 71
31 59
3 46
15 79
42 86
89 93
85 99
20 67
47 85
8 55
14 27
12 67
46 83
52 77
3 65
47 80
31 52
77 94
29 96
8 28
1 52
59 79
44 67
7 73
34 96
15 84
56 84
94 100
30 38
35 63
19 79
57 83
28 75
46 55
9 46
72 96
3 16
16 25
10 93
44 100
38 56
62 98
42 65
52 64
44 65
7 31
64 86
84 100
17 100
38 99
45 93
44 63
15 59
40 68
55 91
64 65
50 100
67 98
8 31
37 74
41 97
60 91
58 65
78 94
14 16
10 63
16 26
62 94
23 86
69 93
29 58
37 50
3 94
60 72
3 72
61 83
41 70
27 55
29 92
14 54
3 33
23 92
10 35
58 77
84 89
39 58
14 30
2 85
68 78
52 95
47 58
83 86
55 90
38 70
7 100
36 60
55 84
33 64
13 89
49 98
3 69
8 70
26 29
57 74
19 58
29 52
48 90
19 91
76 93
5 8
22 85
13 79
8 72
5 80
27 52
14 32
13 50
5 63
25 69
45 87
39 77
34 97
22 43
74 91
45 75
17 99
42 63
58 94
9 73
1 22
4 78
43 45
10 95
30 78
2 26
13 58
10 26
34 39
14 52
87 90
43 52
76 99
22 64
28 81
5 99
46 58
60 75
25 36
1 33
2 64
37 67
17 47
23 34
6 48
56 63
7 18
41 94
13 71
16 83
37 96
28 64
44 55
26 86
6 94
41 77
8 38
57 95
39 86
67 70
7 82
13 54
52 90
18 25
47 53
38 59
57 88
59 99
25 91
36 96
21 87
55 98
38 100
35 51
11 99
26 81
3 89
65 86
66 71
38 50
44 74
27 65
48 94
9 81
66 98
23 82
4 29
14 40
21 70
47 68
17 91
16 76
16 17
47 55
27 38
2 81
45 48
22 37
10 16
42 79
3 5
6 18
33 85
46 95
52 56
7 16
18 52
5 95
2 42
19 46
41 56
27 83
50 71
55 93
7 81
17 69
8 84
78 93
81 89
7 94
51 91
23 52
74 84
13 46
3 25
19 66
58 95
5 37
24 51
46 76
4 88
44 64
55 92
70 97
14 36
19 67
16 50
16 85
45 47
35 44
5 62
51 79
20 70
1 42
7 25
86 96
15 24
27 79
67 95
54 89
7 89
24 68
74 98
15 49
7 97
5 86
44 88
20 33
17 79
24 60
2 79
15 93
10 36
81 86
38 86
40 56
67 89
86 91
55 81
4 76
18 63
64 99
8 45
36 83
44 80
60 74
33 99
2 48
57 77
30 42
45 86
5 12
89 100
36 68
24 77
16 79
71 82
81 87
43 69
20 56
18 59
67 71
14 68
21 98
28 68
17 26
34 89
65 66
8 14
27 34
66 100
55 75
15 26
1 79
55 94
9 25
18 44
72 92
19 45
18 78
6 54
32 68
48 84
22 39
36 37
45 80
44 97
14 45
18 32
26 99
85 97
88 100
26 98
1 44
53 88
18 65
72 94
8 20
3 49
65 88
5 59
47 91
73 84
50 56
20 90
14 93
62 69
4 25
94 95
44 54
53 100
10 51
9 42
30 69
68 75
39 57
16 19
36 82
49 69
7 54
13 65
42 89
25 82
39 44
14 28
60 69
56 75
52 82
8 15
33 44
22 91
47 75
4 72
16 20
45 71
50 79
14 48
88 90
67 83
12 56
47 71
71 79
45 82
8 46
52 54
53 58
61 68
36 92
4 89
26 62
1 63
18 88
60 82
63 66
27 92
46 93
8 93
71 75
3 50
8 21
44 86
42 90
60 81
22 97
14 72
66 94
26 43
70 80
44 68
11 85
44 85
20 48
49 63
42 75
85 86
15 25
66 91
55 70
31 90
75 93
6 28
71 86
1 74
4 63
52 79
18 29
1 76
22 65
52 83
17 22
16 82
58 85
2 56
27 42
64 80
29 72
24 62
2 82
16 69
60 65
91 92
16 29
49 61
42 94
27 53
21 24
41 48
10 100
50 78
93 98
7 24
18 81
27 86
20 66
20 45
28 57
28 79
33 50
30 36
24 74
27 49
22 60
17 76
45 79
28 83
17 18
83 100
46 74
16 27
35 91
41 86
7 42
40 60
52 97
51 84
61 70
51 75
14 41
13 14
22 94
42 55
7 17
62 100
42 83
46 59
43 64
19 82
19 80
36 47
15 53
16 40
74 89
23 79
11 42
2 97
77 85
45 76
51 86
68 71
68 93
1 68
40 99
92 98
60 93
42 74
60 79
29 60
32 72
31 85
8 12
52 65
9 79
49 82
59 90
32 42
76 97
28 78
49 57
40 90
96 100
18 21
42 82
41 100
84 95
35 78
60 63
24 43
45 54
57 93
42 80
60 97
12 75
70 83
49 88
45 61
58 66
24 42
70 96
21 46
56 74
35 56
42 84
49 73
9 52
30 61
31 84
4 62
4 73
41 99
35 76
45 55
44 46
33 51
55 59
17 36
34 85
68 80
42 48
9 20
40 53
51 96
12 63
74 97
51 71
23 24
23 90
71 74
75 100
55 99
59 91
10 52
24 41
8 100
3 81
62 96
37 56
27 91
44 70
14 55
24 76
2 58
66 88
12 61
43 77
40 58
79 85
8 95
20 44
11 70
35 41
9 65
28 63
70 86
2 35
69 76
42 73
44 48
25 60
66 67
36 70
26 84
32 86
54 66
69 88
96 97
3 56
58 81
10 58
64 69
46 61
3 37
25 83
17 38
52 86
45 96
7 72
59 75
22 77
12 46
41 46
1 28
8 47
64 81
57 99
8 97
75 81
39 61
56 96
58 83
39 78
12 85
84 93
36 53
31 68
22 74
55 65
25 77
57 59
25 99
35 50
35 39
18 34
24 75
23 44
29 94
45 88
24 36
11 88
33 41
17 98
31 64
74 78
18 31
81 83
38 62
17 88
14 18
85 89
13 49
77 84
47 49
32 82
34 36
65 67
4 39
30 81
30 75
50 81
48 76
45 53
53 98
2 17
29 68
30 93
16 21
57 80
59 92
47 61
16 45
63 74
26 28
24 85
14 98
30 43
18 43
4 77
18 57
26 59
3 28
47 70
24 71
68 86
84 96
63 83
15 70
65 81
15 91
11 77
29 35
70 84
2 39
2 69
71 90
56 60
16 84
29 80
41 60
59 86
13 81
41 68
35 94
87 89
21 52
6 44
46 52
26 95
61 88
20 30
66 82
61 87
57 79
8 98
6 30
18 96
58 82
41 95
56 76
48 77
15 56
74 83
28 35
18 46
40 85
3 7
34 84
9 28
26 96
42 49
59 66
7 26
13 73
26 74
14 85
30 55
29 63
4 30
61 75
24 40
32 66
48 62
58 90
8 50
5 69
25 53
18 73
49 74
9 18
54 76
27 87
67 85
16 51
24 73
20 68
19 57
28 45
19 56
56 78
7 41
41 83
62 70
53 96
9 69
13 77
25 39
7 19
9 58
30 59
1 88
15 28
6 49
47 82
38 67
87 96
8 63
35 68
2 43
2 93
26 94
23 85
52 74
40 43
65 99
47 65
60 73
37 98
61 89
13 80
60 83
11 31
35 93
19 38
14 70
16 63
80 90
7 56
39 97
24 53
10 64
24 72
37 91
70 78
28 65
33 80
2 29
47 97
31 49
71 89
32 84
33 53
18 83
1 9
30 97
43 61
4 84
41 89
48 79
34 86
12 38
50 58
5 17
36 84
55 76
93 97
11 39
50 57
67 75
15 37
42 92
73 100
2 63
18 33
8 44
67 68
17 51
74 75
17 54
63 97
33 83
27 88
34 61
21 39
28 82
39 99
81 93
27 95
12 71
29 98
55 61
24 79
25 27
13 34
10 53
15 20
46 51
8 23
9 67
27 50
16 37
32 48
15 30
59 74
13 17
24 84
23 63
42 70
52 71
21 37
44 99
66 97
86 88
16 48
7 91
48 55
7 62
6 38
57 66
56 81
16 36
1 18
20 57
59 96
7 38
46 92
28 58
80 81
9 50
5 40
11 18
55 68
20 93
32 73
17 59
83 84
32 85
39 60
29 44
40 75
4 36
79 94
12 31
4 61
41 88
43 92
9 21
60 61
6 34
7 8
40 74
71 87
25 64
64 67
5 27
43 65
46 69
4 37
62 75
50 82
27 71
13 42
26 45
11 95
76 87
42 91
65 90
75 89
43 78
18 64
53 81
29 77
85 90
7 43
1 57
59 84
48 66
11 54
20 39
8 37
23 68
10 71
12 27
15 58
56 62
87 94
3 85
50 61
10 29
55 78
34 79
32 39
4 28
46 81
45 84
30 66
39 42
40 49
11 43
44 59
3 82
53 70
1 16
31 92
25 86
5 78
21 43
13 56
16 100
45 100
59 64
9 14
45 97
9 10
7 95
26 30
9 94
23 99
25 68
14 99
28 38
36 94
51 53
2 60
1 83
10 14
11 44
9 99
23 84
4 50
39 85
43 89
24 99
21 93
12 86
51 61
11 35
11 12
6 43
9 34
70 99
2 99
20 69
9 32
19 85
21 40
3 64
17 57
54 84
11 40
21 33
22 30
25 54
43 88
57 62
52 80
20 55
6 100
61 80
13 38
22 78
14 42
47 50
8 22
16 44
14 61
83 99
64 83
7 12
66 72
22 58
65 71
9 83
17 89
11 89
66 92
33 46
29 48
33 34
26 80
28 88
11 69
42 60
55 66
28 47
81 92
1 95
15 34
49 56
18 58
30 79
8 90
5 82
36 62
23 26
21 34
6 86
21 88
16 53
61 92
12 32
29 64
52 72
8 58
36 95
57 84
35 59
47 74
6 75
34 47
9 51
12 18
6 36
53 71
26 72
21 79
10 49
16 70
22 75
8 87
43 74
36 72
29 82
25 29
20 47
54 80
36 42
15 19
68 73
15 64
15 65
16 52
20 89
69 83
14 83
40 54
83 91
12 14
34 78
26 100
37 66
31 44
17 34
13 100
17 24
83 87
6 98
23 62
14 29
6 62
9 63
22 56
42 44
5 42
83 88
44 81
19 99
11 15
40 52
56 91
21 90
27 30
10 13
16 93
6 85
67 69
16 87
26 49
63 73
13 52
82 96
4 68
27 69
40 97
33 78
70 100
19 93
55 62
13 30
46 65
65 93
39 63
37 49
59 89
66 89
67 92
5 31
69 92
13 76
19 49
18 69
51 81
39 84
69 74
70 87
58 60
38 58
9 72
77 80
3 52
5 26
6 51
41 87
13 78
75 79
30 72
26 27
5 21
50 66
40 87
52 59
18 72
45 67
40 59
25 76
7 34
13 43
19 44
56 77
19 96
14 46
44 62
28 46
44 71
16 88
34 65
93 95
35 43
26 50
13 26
6 8
9 49
82 83
27 94
35 49
45 70
1 10
50 70
38 88
92 95
45 50
5 79
11 96
20 60
30 49
49 80
73 81
21 83
32 36
42 72
39 100
69 96
22 24
5 7
6 60
59 71
92 94
33 89
49 72
24 39
3 99
12 15
38 94
16 18
25 38
47 92
52 63
21 74
21 96
28 98
23 98
72 97
21 49
48 98
19 69
17 29
6 56
62 89
44 57
76 95
37 77
58 72
40 66
28 53
3 83
5 10
29 55
13 40
44 96
14 80
8 81
30 47
36 50
8 54
41 62
17 46
3 63
22 59
27 39
64 93
57 81
6 17
49 89
17 78
24 59
10 19
9 54
79 90
23 35
5 13
63 98
49 76
13 83
28 97
26 89
33 52
50 68
29 54
21 67
29 89
23 39
6 67
30 99
34 46
76 96
18 85
2 19
1 82
2 92
66 78
15 68
36 97
43 53
22 41
29 95
2 73
53 77
50 73
47 72
5 41
54 92
51 82
46 94
3 51
43 55
12 30
26 56
33 59
1 7
2 13
3 66
33 97
42 59
32 83
49 86
14 53
31 43
43 98
35 82
11 26
71 92
31 87
58 63
18 47
5 45
11 45
40 42
2 33
73 76
30 33
92 99
58 73
23 38
66 99
40 98
81 98
77 86
78 99
33 62
1 98
6 39
22 36
20 36
2 54
61 76
9 61
47 86
3 90
34 62
8 43
19 62
16 66
68 94
16 68
47 69
8 78
30 45
17 85
13 28
37 46
9 33
2 70
86 92
25 57
27 62
20 41
7 67
36 78
31 74
81 85
54 90
35 98
26 79
85 91
64 72
16 80
30 96
16 72
51 60
39 79
77 78
13 22
30 60
41 54
37 64
27 43
39 56
11 34
77 93
74 92
7 71
10 39
20 99
37 44
3 61
26 32
10 46
39 47
34 35
40 91
77 95
62 82
1 30
28 40
31 45
48 87
23 46
75 95
17 83
37 86
48 86
78 88
1 12
24 49
19 47
37 81
55 64
19 26
52 67
89 99
22 27
48 78
29 59
62 90
5 93
78 79
69 84
7 80
62 97
11 49
65 80
35 67
66 79
11 29
70 92
28 71
85 96
61 100
53 68
55 95
11 86
20 54
6 11
3 79
18 80
51 57
31 37
10 67
40 81
56 80
69 99
14 86
78 87
5 6
72 80
84 91
4 32
63 88
16 38
45 89
60 96
46 86
4 60
30 51
48 72
62 84
21 63
25 67
50 62
40 50
44 51
90 99
56 72
98 99
18 66
67 88
62 66
3 53
37 70
43 62
14 43
57 72
17 94
15 54
17 64
53 83
55 88
20 80
89 96
46 97
8 24
46 54
7 11
38 77
21 61
3 6
9 23
72 90
52 60
24 46
1 75
46 67
5 54
15 63
22 86
51 80
24 37
66 84
17 81
6 12
17 72
27 99
23 53
12 23
72 98
22 25
64 87
28 89
5 34
33 91
11 25
31 91
8 16
18 61
54 67
62 80
57 65
21 89
4 18
15 88
2 50
43 70
53 79
43 46
29 51
54 57
27 85
27 93
46 89
62 74
35 48
66 76
36 91
6 45
2 6
16 92
73 79
14 34
30 40
27 66
58 67
7 55
6 47
17 62
43 49
50 65
10 91
50 76
58 86
72 81
33 77
67 84
13 27
17 70
1 5
79 99
51 70
85 100
95 100
50 90
34 83
13 88
18 23
4 86
5 46
38 81
4 42
9 64
7 53
29 69
31 42
56 100
56 95
4 87
67 72
52 89
78 82
23 36
44 91
31 53
18 39
24 27
47 84
6 16
42 87
15 36
6 87
11 38
20 97
19 94
4 48
28 96
50 88
74 94
41 78
13 69
14 64
24 26
61 63
93 96
51 78
8 11
34 48
46 98
42 71
11 21
69 100
46 99
30 76
51 95
23 32
43 51
13 96
50 55
3 10
41 64
11 32
23 93
80 97
39 55
2 34
38 55
50 93
16 55
80 94
19 24
79 82
74 85
84 92
4 24
45 56
28 43
12 88
14 15
31 79
3 26
1 72
24 94
41 85
38 52
68 87
9 39
49 50
36 89
35 87
39 54
47 83
23 80
23 50
35 79
1 15
60 86
80 82
35 42
3 11
33 43
17 60
7 20
72 83
53 82
15 22
32 99
66 95
20 95
25 81
1 38
4 47
71 84
9 80
8 56
14 88
23 72
33 40
37 83
39 87
7 28
87 98
5 39
18 22
12 49
61 64
20 84
18 26
57 58
25 72
19 37
22 49
74 88
77 90
45 78
34 88
11 81
11 98
34 57
47 67
18 20
11 27
17 23
3 15
3 41
14 51
11 94
8 10
28 59
47 98
5 15
64 94
29 42
57 91
52 58
39 89
2 72
44 45
84 85
21 69
62 63
26 41
42 77
75 78
26 76
31 57
70 89
41 74
37 43
46 72
14 25
12 36
36 80
18 50
31 82
13 32
21 71
44 58
17 97
39 69
26 36
50 80
19 78
18 40
26 37
38 48
24 38
12 39
2 46
39 67
35 70
31 39
78 95
53 90
7 50
3 8
19 97
9 19
21 76
73 96
38 89
27 46
37 97
43 82
65 91
26 71
91 98
9 62
21 27
15 81
2 28
49 51
3 84
44 72
6 78
61 94
73 97
86 100
33 57
69 73
31 50
32 89
57 94
34 59
31 66
10 86
3 29
17 95
6 65
37 60
29 40
27 77
10 96
45 95
5 70
46 62
30 31
60 62
53 64
30 64
15 94
5 75
1 56
2 37
7 14
23 42
85 94
40 93
1 26
71 98
68 97
78 80
5 53
15 60
35 85
44 79
33 55
47 90
22 100
51 76
38 40
82 84
19 81
22 23
70 88
2 22
45 57
62 68
43 96
25 93
6 96
59 62
40 55
23 40
43 79
53 92
12 72
12 96
51 100
43 90
27 33
21 31
29 65
66 80
20 24
76 94
34 93
82 98
51 67
23 33
2 53
14 74
32 40
37 69
4 45
80 92
46 75
54 65
52 68
10 50
16 54
90 91
32 92
60 89
61 95
35 75
6 50
77 98
14 73
25 40
48 92
12 54
36 55
8 62
41 81
18 71
7 48
8 35
22 57
23 66
13 90
27 75
1 66
42 56
17 49
22 33
64 100
64 84
18 75
25 47
53 85
61 93
21 92
42 78
76 77
34 55
31 77
76 91
96 99
49 79
24 35
45 60
14 22
28 99
45 59
40 48
61 91
80 96
28 41
64 92
53 65
22 51
30 52
45 77
22 96
59 93
4 97
42 45
38 93
82 93
3 73
43 97
11 48
34 90
75 83
72 91
37 39
21 85
2 32
3 36
9 92
46 79
29 79
27 73
10 15
64 71
33 98
17 50
12 77
46 87
26 82
34 80
10 79
4 79
24 64
59 100
16 22
52 53
62 93
8 73
80 99
22 66
33 90
30 70
54 70
13 15
33 88
78 98
44 82
6 57
25 73
50 64
6 76
94 98
26 31
24 89
21 26
45 74
76 83
31 78
38 80
31 86
9 29
6 61
80 88
67 96
5 96
49 83
35 53
5 48
19 92
61 71
71 95
72 93
32 45
19 59
73 90
9 38
69 98
10 78
13 53
30 84
55 60
4 12
57 70
46 47
4 41
5 11
48 70
77 82
76 80
32 64
73 86
22 38
58 93
7 47
4 99
50 83
5 89
45 92
25 30
10 21
40 69
64 77
26 77
12 65
82 94
28 94
27 54
51 90
20 77
12 13
29 83
23 30
20 72
43 87
47 81
5 92
61 85
48 74
8 83
43 83
55 74
63 75
17 21
25 42
9 47
3 48
29 41
34 52
14 35
91 99
70 94
40 92
44 66
10 76
49 55
52 62
19 84
20 76
40 84
39 95
27 48
57 82
26 88
64 85
15 72
50 77
12 50
97 98
34 98
10 11
63 79
16 64
69 90
19 90
25 96
98 100
9 91
27 70
14 87
58 68
17 92
45 49
22 29
51 99
56 70
26 73
53 60
57 75
48 53
1 19
50 98
43 60
92 100
33 79
71 76
1 23
81 82
25 87
40 82
71 80
32 47
1 78
4 6
19 28
25 26
51 65
9 37
75 91
5 85
15 71
26 75
14 69
95 99
4 34
8 18
67 78
17 67
33 75
32 96
52 78
10 84
11 16
83 89
2 80
19 95
1 36
38 98
11 83
51 56
6 9
8 77
4 16
32 34
5 44
81 97
5 9
59 76
14 100
3 19
56 99
13 25
31 83
51 97
19 71
33 93
6 91
34 44
46 71
16 91
6 64
26 48
64 90
63 93
57 67
43 44
14 66
32 78
52 75
41 55
12 43
63 92
40 78
38 90
39 46
18 49
1 73
22 47
15 82
21 45
13 36
17 32
14 26
21 78
58 74
33 42
20 81
16 39
5 67
51 74
78 84
17 74
56 89
16 61
9 45
28 44
82 92
77 79
49 78
5 49
56 57
31 51
11 67
79 92
3 77
31 95
43 59
23 41
31 81
38 96
17 25
2 41
13 59
7 22
69 77
1 8
27 60
26 70
26 93
38 95
6 71
47 95
22 99
11 91
34 75
69 70
1 40
13 82
9 93
45 85
35 97
36 64
67 86
2 100
30 95
51 63
59 77
6 73
34 66
84 98
42 54
16 98
84 97
4 95
22 31
13 70
29 49
68 85
9 13
38 65
4 100
15 31
26 57
29 46
77 83
50 96
26 58
38 84
5 98
4 21
22 63
60 71
4 13
1 24
56 94
59 83
23 83
5 76
36 77
53 54
50 86
20 59
25 28
3 100
3 35
24 97
50 67
4 9
23 28
58 69
16 86
62 65
6 27
8 30
32 81
20 86
68 96
61 90
69 85
32 59
37 87
26 69
33 47
24 25
17 43
9 71
63 84
23 31
11 56
61 99
7 66
33 76
16 96
26 83
39 70
15 75
14 71
35 86
20 46
28 42
12 51
24 78
1 55
53 74
29 99
11 75
68 70
6 23
2 57
10 61
4 85
13 63
62 95
3 12
32 94
10 62
19 43
20 71
46 73
3 76
35 60
6 35
19 75
48 95
45 64
77 97
29 45
64 68
20 65
24 58
8 66
26 91
82 87
45 62
7 60
25 34
29 39
21 64
14 90
60 66
5 61
29 32
17 84
36 71
72 77
28 60
12 24
56 65
58 89
2 76
16 42
21 59
5 52
11 50
6 92
1 84
12 58
7 21
34 53
1 87
47 66
13 60
13 45
12 28
68 83
49 95
13 67
4 14
42 68
12 35
9 35
22 26
5 71
56 97
16 49
10 87
33 82
58 100
13 86
26 61
14 57
39 76
54 95
4 69
70 95
44 61
57 64
19 76
3 13
56 79
60 80
19 68
87 99
25 61
54 82
33 63
13 41
10 83
14 47
3 87
10 98
22 28
36 51
31 89
11 53
7 45
29 38
3 42
41 61
6 69
63 85
59 88
62 71
6 13
77 96
27 97
29 34
70 82
41 51
54 69
10 34
34 76
2 61
31 38
44 78
7 92
46 82
69 81
14 81
25 55
33 100
24 100
44 89
37 100
38 64
40 67
40 86
15 66
20 61
29 91
8 25
40 77
23 37
31 61
17 55
6 72
65 76
4 22
4 74
20 25
29 70
8 67
14 39
12 19
2 21
49 53
12 45
62 92
37 92
1 94
22 32
18 27
22 92
45 83
40 65
72 87
18 45
7 44
10 32
33 66
21 57
41 66
9 22
34 67
12 57
11 87
58 80
32 61
73 74
54 86
31 58
29 50
5 18
42 100
42 53
64 66
63 70
67 79
34 45
45 63
40 76
53 69
24 34
33 69
39 82
10 44
15 62
3 58
29 33
16 32
30 58
3 86
46 63
7 96
20 82
20 83
14 62
42 88
4 31
20 49
14 31
48 51
12 37
89 98
62 72
18 84
3 38
48 59
67 74
6 82
9 95
68 99
41 67
61 97
68 69
83 85
58 91
39 49
69 79
19 25
72 89
45 58
5 60
69 95
11 79
16 78
21 65
4 56
19 73
21 55
30 82
39 80
50 84
23 94
81 91
16 59
1 85
65 85
48 54
3 22
35 100
93 94
2 55
61 82
34 49
62 76
22 40
8 71
2 91
11 97
3 4
50 92
14 84
60 87
24 91
21 97
64 76
4 11
64 88
3 39
5 94
33 96
9 66
27 72
2 87
3 43
75 80
35 54
89 97
69 80
53 87
32 69
21 86
32 65
18 60
25 62
34 58
1 70
23 55
41 69
8 9
24 69
21 41
33 48
42 61
20 28
3 44
41 82
17 40
36 99
51 85
88 94
37 41
53 97
8 60
78 81
13 75
49 70
39 48
1 51
5 58
49 54
19 42
35 77
48 50
33 95
7 15
47 100
23 91
47 77
90 92
36 43
90 96
22 71
50 52
35 66
14 37
12 69
64 79
88 89
17 31
66 90
10 77
1 49
69 72
55 96
63 77
49 87
41 80
27 41
12 48
35 37
16 89
1 41
1 67
35 96
27 82
77 100
13 16
53 63
13 48
8 26
22 35
48 56
27 67
3 21
23 58
31 35
10 22
10 12
32 46
38 78
2 20
6 70
59 63
61 79
35 73
18 99
36 48
20 53
21 22
33 60
25 44
20 94
30 32
36 61
12 83
15 16
31 71
25 33
81 84
25 46
21 32
82 89
68 98
57 78
61 62
35 64
46 78
52 69
44 87
15 44
3 95
22 88
46 91
42 58
17 44
79 87
6 77
5 73
69 89
46 48
15 69
78 92
70 77
80 89
51 88
3 34
30 80
13 51
48 67
63 86
4 67
34 71
40 88
55 67
71 88
10 33
87 100
78 91
31 72
43 66
2 83
33 81
15 21
22 95
26 47
28 66
35 62
21 100
11 17
94 96
28 72
32 60
79 83
6 63
38 42
25 65
91 94
74 76
12 99
4 91
11 33
67 73
25 100
22 44
11 93
44 77
45 94
53 99
11 57
27 84
22 81
32 67
15 90
36 41
48 63
78 97
70 71
2 68
22 93
58 78
15 41
55 80
30 50
33 36
63 69
78 89
25 52
48 64
22 34
61 67
42 99
46 90
44 47
9 87
65 87
30 98
38 61
15 43
9 75
20 50
3 78
20 85
46 64
34 100
36 59
54 74
4 53
66 83
12 95
61 96
24 88
74 93
36 38
43 75
10 82
71 78
82 86
39 52
7 9
21 80
22 55
2 84
40 51
72 100
8 59
13 23
16 95
39 81
4 15
35 46
68 84
28 85
36 73
46 84
19 64
17 37
54 88
63 64
60 92
28 73
37 42
73 78
31 48
20 35
25 31
72 78
6 58
14 91
20 78
2 23
22 89
28 51
21 82
42 96
57 90
62 86
53 93
8 91
28 91
17 96
28 54
52 61
26 87
17 61
55 100
4 59
4 90
28 50
10 73
20 88
3 88
34 60
40 71
65 96
74 86
17 80
74 87
10 60
45 73
15 89
26 60
18 62
13 19
1 32
20 52
12 60
27 63
64 78
35 74
10 92
4 92
16 46
75 96
83 95
81 96
51 59
8 94
1 89
56 64
76 84
47 99
41 84
3 18
3 27
19 61
2 96
29 61
7 52
65 89
25 32
53 61
59 87
28 39
39 88
16 62
54 64
87 91
38 49
1 71
12 21
30 89
4 52
23 74
1 59
7 59
10 99
6 31
28 77
90 100
72 85
7 57
25 35
30 63
44 76
63 96
54 55
65 77
55 87
35 61
5 83
7 61
24 65
19 40
9 59
51 55
5 77
9 40
21 29
18 51
11 22
8 89
66 69
1 96
23 60
8 86
63 99
47 57
79 81
4 38
32 58
8 42
1 47
28 87
40 57
67 82
23 95
89 92
47 78
11 30
4 51
18 77
33 61
4 49
27 51
9 31
30 41
5 90
39 91
45 72
29 100
38 85
33 86
34 43
28 67
19 77
54 58
36 74
92 93
26 34
29 78
81 88
18 98
17 73
3 67
2 77
71 73
57 85
56 85
13 92
14 21
12 41
35 57
22 42
15 98
2 71
48 100
58 64
16 57
27 96
26 38
55 73
84 88
13 20
11 28
9 15
25 51
5 50
16 81
61 74
49 52
68 77
75 90
20 51
24 33
63 94
40 70
22 79
2 52
4 35
84 90
46 66
28 76
22 50
15 74
26 90
30 39
9 90
10 31
20 73
84 94
5 81
38 47
85 88
65 97
42 43
40 44
10 23
91 95
14 56
77 89
42 52
24 44
61 77
13 31
4 66
89 94
4 94
12 20
19 54
6 32
71 100
63 91
5 74
6 93
39 40
13 85
24 95
51 83
21 50
43 50
79 93
11 65
41 98
44 83
10 45
47 96
77 92
23 78
50 94
25 84
80 93
4 65
10 66
18 30
32 41
17 28
37 40
12 22
60 100
65 74
19 72
51 77
19 70
44 95
25 59
88 93
40 79
28 74
31 36
4 64
24 47
14 92
12 40
6 95
12 47
31 80
5 19
88 96
4 96
23 70
27 28
39 75
27 58
80 98
59 65
47 87
16 75
10 70
9 55
65 98
44 50
49 59
63 72
26 97
37 54
82 95
60 90
85 93
31 67
90 97
13 84
95 96
17 42
53 84
79 95
11 60
49 85
44 92
63 78
4 57
43 84
37 75
8 68
12 87
10 68
8 51
70 85
14 17
11 36
41 44
34 51
42 57
6 20
78 100
34 74
77 87
19 22
8 13
5 16
12 92
10 20
24 29
27 89
52 98
74 77
20 29
23 49
75 82
20 22
77 91
6 66
58 97
63 71
20 37
21 42
19 21
12 62
30 57
24 30
70 79
41 90
71 77
47 89
49 71
58 70
21 28
78 96
13 44
16 60
2 14
21 56
73 93
6 79
23 87
78 85
25 45
63 87
38 51
16 47
32 77
84 86
23 81
40 96
23 100
38 83
22 98
6 19
9 17
40 47
9 97
32 98
44 94
30 71
15 50
29 81
21 84
25 79
6 90
31 56
35 71
68 91
3 32
36 69
1 64
2 5
17 39
2 51
73 77
15 23
9 70
10 94
44 49
80 87
10 97
34 91
5 72
56 68
37 84
14 58
64 96
34 63
24 54
22 80
18 97
17 20
31 73
9 12
54 98
2 74
85 87
46 60
3 20
57 98
3 62
13 68
8 85
76 78
10 59
34 37
1 46
5 32
26 44
36 52
14 19
28 100
25 85
61 98
32 37
20 79
73 83
14 20
52 57
31 88
12 26
13 18
41 43
35 47
28 56
61 73
27 90
30 85
17 53
38 39
2 45
9 82
11 74
67 94
34 72
73 75
19 74
13 33
31 75
5 24
1 54
46 57
2 47
52 93
39 43
7 23
29 47
73 95
12 25
37 72
15 83
93 100
21 48
28 49
24 28
43 54
1 27
18 24
32 50
25 90
55 85
1 93
56 92
75 87
23 73
54 61
25 48
29 62
38 92
8 33
11 72
66 87
47 48
50 54
16 71
31 96
12 89
28 31
53 75
15 47
18 89
7 84
30 73
65 73
32 62
25 78
20 92
38 91
30 68
37 99
16 34
76 92
11 63
15 96
13 47
33 73
4 23
25 50
7 64
48 89
30 53
75 99
21 36
55 83
64 70
36 67
40 94
52 92
60 94
23 51
43 95
5 20
52 73
29 56
12 100
30 87
44 73
8 57
63 100
19 53
37 65
18 53
1 69
80 91
40 45
27 74
50 87
28 69
17 71
38 57
23 27
36 79
30 92
55 57
40 46
12 34
5 87
21 35
43 56
15 73
34 81
76 98
56 87
55 89
58 92
56 69
38 45
31 41
82 97
82 91
58 98
86 97
41 73
55 77
68 81
10 30
8 49
76 88
39 51
18 92
25 97
19 83
57 61
21 66
8 19
65 72
2 9
24 63
47 94
55 72
36 54
75 92
2 18
5 25
54 96
53 56
7 29
23 54
7 46
23 45
4 5
30 37
36 56
44 98
15 76
16 77
29 37
65 69
83 98
31 99
48 49
21 94
19 51
14 63
5 28
18 38
6 80
48 80
33 87
26 78
12 97
15 78
1 86
7 88
53 57
23 76
21 72
3 91
66 77
14 77
26 35
25 74
75 76
8 75
67 76
27 80
52 81
39 71
38 97
24 90
94 97
3 57
27 40
20 34
21 91
54 77
41 45
19 30
27 76
37 76
62 79
12 17
1 11
42 95
31 32
8 52
30 62
50 75
40 72
28 93
50 63
53 67
12 74
70 75
17 77
63 68
54 79
24 56
42 93
19 98
6 89
16 73
40 62
12 16
73 80
17 82
15 40
40 63
2 95
18 56
31 62
56 86
83 97
15 42
21 38
57 100
23 77
49 96
43 48
40 64
16 97
7 90
77 88
20 32
13 87
64 97
39 93
46 56
8 99
12 70
7 30
22 45
9 44
33 71
26 67
18 74
24 70
3 98
6 21
23 57
85 92
5 29
17 63
23 59
6 83
8 48
73 92
87 97
37 85
1 34
10 43
2 86
1 50
29 88
57 92
53 78
31 69
80 95
79 89
9 11
21 60
44 69
23 25
28 92
32 97
3 59
29 43
58 88
69 78
63 95
5 91
70 76
30 67
37 45
3 23
15 86
36 86
60 84
27 45
48 83
6 42
21 77
12 79
11 92
62 91
1 13
36 76
57 89
31 70
13 97
56 82
20 31
32 56
18 28
63 82
51 69
30 88
49 64
58 84
12 94
49 90
66 74
39 41
41 79
32 76
24 48
88 97
10 17
12 66
5 38
33 74
56 93
10 81
29 57
29 76
54 71
26 68
16 74
22 70
32 88
31 34
37 52
20 63
7 78
9 60
51 62
68 100
72 75
2 66
33 45
16 23
19 88
1 14
60 67
51 72
34 56
82 85
50 72
51 66
60 77
1 81
70 72
67 93
2 62
50 69
27 37
20 100
23 67
1 39
11 76
52 100
70 93
21 23
79 96
4 40
7 65
50 99
35 69
16 41
42 64
31 97
32 51
70 91
15 27
10 18
15 87
69 91
17 35
7 49
76 81
76 90
72 74
19 20
28 34
84 87
22 72
19 52
35 89
67 100
50 85
28 30
48 91
37 59
4 82
23 71
38 75
11 68
19 100
65 82
7 40
25 92
26 54
2 67
5 64
53 89
40 83
58 76
9 98
77 99
11 80
14 50
19 32
42 76
33 39
6 46
7 27
90 94
2 31
10 54
55 97
24 87
39 62
32 63
8 92
1 61
42 67
33 65
38 73
27 36
6 25
42 98
11 14
37 53
22 84
40 41
32 91
86 89
43 68
35 40
24 55
52 85
1 62
64 95
55 71
41 75
34 68
1 91
17 68
6 99
8 17
29 90
11 46
83 92
16 99
49 100
18 55
20 64
87 93
55 82
57 87
10 57
75 88
2 78
62 78
15 51
30 65
2 11
3 71
36 39
56 71
46 85
29 87
45 98
17 65
36 40
37 79
22 46
48 75
2 49
4 19
11 24
54 97
94 99
5 88
8 61
54 100
85 95
7 86
72 82
21 54
51 68
30 100
18 82
18 76
19 29
8 69
52 94
20 87
13 64
12 82
66 68
25 75
88 91
40 89
49 97
11 47
59 80
32 35
30 56
43 63
32 93
3 14
59 82
73 91
29 36
61 65
30 77
45 46
9 84
15 97
43 91
6 84
25 80
30 48
16 31
95 98
25 66
8 34
9 85
51 94
9 76
49 93
91 93
55 69
37 62
5 43
38 60
29 85
86 99
57 68
45 91
88 95
57 96
47 54
27 35
26 85
81 94
17 87
41 65
31 47
24 82
4 70
61 86
59 98
10 48
2 40
60 85
53 72
52 91
27 44
12 84
53 73
5 68
36 45
32 57
23 69
41 72
17 93
14 65
17 45
54 73
55 58
80 84
39 64
32 53
10 25
14 38
23 56
39 45
37 71
31 40
10 75
38 41
13 57
38 79
45 51
43 58
17 52
22 48
59 70
29 74
5 84
42 97
8 74
6 29
15 32
38 43
20 23
6 24
86 90
28 95
1 65
31 100
22 83
68 88
60 95
47 63
5 55
30 34
24 61
69 97
9 43
14 79
41 57
2 94
22 82
54 87
46 70
53 94
39 74
88 98
53 86
40 80
3 47
32 90
74 81
43 72
2 3
1 90
80 86
26 66
12 93
56 90
36 66
23 97
48 61
7 87
65 84
16 30
24 52
27 56
1 43
83 94
35 58
13 74
19 89
53 91
25 89
24 83
71 85
47 64
68 95
64 89
39 98
66 73
62 64
27 59
37 61
17 27
17 30
1 99
69 94
13 35
34 40
9 16
7 63
27 57
54 93
5 36
17 33
18 93
3 40
1 20
43 71
10 56
29 53
10 89
73 98
3 96
2 15
97 99
73 82
19 55
69 82
19 33
23 75
35 92
11 37
76 89
35 81
5 30
42 69
36 58
90 93
11 62
40 100
31 98
18 90
32 44
6 74
75 77
43 85
22 69
15 77
1 25
89 90
43 67
57 63
7 58
1 92
32 87
61 84
26 52
3 9
18 94
13 99
44 93
9 88
78 86
32 38
8 76
65 75
15 57
74 80
20 58
39 50
24 66
41 63
63 80
13 98
54 85
38 53
16 90
58 61
54 83
10 72
14 82
23 89
65 78
20 98
71 83
30 86
28 62
4 10
4 33
62 77
19 34
42 81
66 86
60 70
4 98
68 79
93 99
4 44
26 39
58 62
8 29
82 99
12 44
81 95
31 65
3 75
24 32
10 42
37 57
6 53
74 95
33 92
39 94
32 100
25 58
13 94
5 33
45 52
97 100
7 39
35 72
18 35
41 58
19 63
35 55
81 90
44 60
14 60
2 8
32 54
9 100
34 54
4 83
92 96
10 74
1 48
33 56
54 81
38 66
2 44
12 91
62 81
27 78
2 30
7 33
7 51
2 12
50 97
73 99
40 61
54 78
62 99
41 52
37 73
39 53
12 78
71 91
55 56
36 57
30 54
70 90
46 88
51 98
47 93
44 84
1 45
2 65
30 46
56 66
24 96
38 46
12 53
10 28
43 86
24 50
6 40
4 17
59 78
67 90
15 99
49 91
39 83
11 55
1 60
21 44
62 85
74 96
10 41
45 68
27 100
26 42
12 33
41 59
64 75
54 62
20 91
29 66
5 14
11 64
65 92
22 61
50 60
54 60
18 91
37 88
72 86
8 27
12 64
11 61
18 41
32 55
19 35
6 52
21 62
48 85
79 97
2 27
16 24
5 97
45 66
8 96
25 49
10 27
42 66
49 60
30 90
38 74
5 23
9 41
56 73
6 88
11 66
79 91
15 18
19 39
48 68
28 61
56 88
67 81
5 22
35 36
46 49
6 37
59 69
39 73
5 56
47 79
32 33
10 38
12 80
34 87
58 75
24 80
48 60
50 89
13 24
4 27
31 63
79 86
72 99
82 100
70 73
77 81
9 89
26 40
49 65
49 58
57 71
34 38
50 95
20 75
91 100
36 90
22 54
56 67
76 100
58 99
48 65
3 45
54 56
26 65
15 67
64 82
51 87
86 87
32 52
28 37
48 81
59 68
40 73
15 48
60 68
24 57
49 75
2 7
11 41
7 13
29 86
24 93
74 82
13 66
21 68
6 33
23 43
8 41
14 89
50 91
44 75
54 94
56 58
69 75
42 85
7 99
16 58
22 62
11 84
25 95
75 85
20 21
41 47
14 44
3 92
83 93
18 48
17 41
13 21
18 70
59 81
47 62
16 33
42 51
1 3
26 53
2 25
71 96
12 59
36 85
6 81
28 36
44 53
55 79
15 92
18 67
39 66
10 40
10 85
37 55
15 55
23 61
52 96
2 90
41 71
8 88
67 99
7 75
43 73
7 77
72 88
15 80
31 46
61 78
27 81
25 98
19 87
13 37
43 100
87 88
14 97
86 93
63 76
30 44
7 32
53 66
63 89
11 19
49 81
74 79
2 75
4 58
19 23
27 64
65 70
23 29
47 51
30 94
17 56
47 59
74 90
26 46
47 88
62 88
52 84
15 45
6 97
42 50
4 20
8 79
11 23
67 87
52 99
8 32
63 90
7 68
9 96
79 100
22 73
2 38
5 66
18 19
68 76
53 76
71 72
7 98
15 61
18 79
25 94
41 91
59 60
54 99
43 76
68 90
11 20
38 54
59 72
25 88
11 51
48 52
51 52
37 58
65 83
34 73
14 95
63 81
75 97
1 97
85 98
30 74
59 95
28 84
12 29
46 53
7 35
29 73
87 92
1 29
57 60
5 47
89 95
13 62
49 66
51 73
41 96
3 60
32 95
27 61
63 67
47 52
39 96
3 74
7 74
11 58
3 93
18 86
48 96
55 86
16 67
2 89
7 93
72 95
38 87
56 61
5 35
10 69
99 100
60 98
9 36
31 33
15 33
1 31
13 95
73 94
6 15
6 14
18 54
11 59
2 98
37 94
35 95
35 99
35 65
3 70
73 87
14 76
33 35
34 94
16 56
73 88
35 38
14 96
82 90
32 70
68 74
71 94
23 64
64 74
1 37
50 51
22 76
33 72
35 80
13 72
15 46
38 63
21 51
61 69
11 52
10 24
15 17
14 33
9 78
1 4
3 17
49 77
22 52
10 88
6 68
20 42
39 72
60 99
32 74
34 95
43 80
6 41
18 87
21 25
14 78
16 43
58 96
24 31
78 90
81 99
13 55
23 47
23 88
31 55
36 88
27 31
19 36
27 98
2 36
50 53
37 78
11 100
36 75
49 99
12 90
34 64
28 55
66 85
81 100
3 30
59 94
17 90
41 50
29 75
22 67
66 70
16 28
62 67
65 95
39 90
2 24
20 74
61 66
50 74
44 52
88 99
53 59
14 75
64 98
13 61
12 73
25 70
3 24
12 98
23 96
35 90
26 63
68 82
35 52
20 26
91 97
16 65
17 66
18 100
63 65
44 90
96 98
17 48
43 57
57 86
15 35
49 94
9 57
30 91
18 42
26 92
32 80
7 83
21 99
7 85
6 10
9 48
9 56
55 63
46 77
54 59
3 54
12 81
75 94
59 61
27 29
38 68
34 42
14 67
11 82
68 89
28 80
20 40
59 85
75 86
19 60
37 47
1 53
34 69
83 96
37 95
70 74
21 81
37 82
33 94
12 52
82 88